%YAML:1.0
---
camera_matrix: !!opencv-matrix
   rows: 3
   cols: 3
   dt: d
   data: [ 6.4496912082863628e+02, 0., 3.3622066839282877e+02, 0.,
       6.4442810170268922e+02, 1.7687297891224654e+02, 0., 0., 1. ]
dist_coeff: !!opencv-matrix
   rows: 1
   cols: 5
   dt: d
   data: [ -3.4666953028376385e-01, 1.5906503128158228e-01,
       9.2136839770253236e-04, -7.1995848132467763e-04,
       -4.1484085892475965e-02 ]
